0 0.418876 0.145019 0.019341 0.025221
0 0.626253 0.198613 0.019341 0.031526
0 0.665472 0.254098 0.020415 0.026482
0 0.788501 0.283733 0.015043 0.027743
0 0.821810 0.280580 0.015043 0.023960
0 0.931408 0.341740 0.019341 0.027743
0 0.892726 0.865069 0.017192 0.027743
0 0.856194 0.914880 0.019341 0.029004
0 0.732627 0.839218 0.023639 0.036570
0 0.695020 0.843632 0.021490 0.032787
0 0.568767 0.719420 0.018266 0.031526
0 0.519878 0.757881 0.032235 0.037831
0 0.332379 0.679697 0.026862 0.032787
0 0.292086 0.645019 0.027937 0.031526
0 0.093843 0.479823 0.022564 0.031526