0 0.241467 0.235813 0.023596 0.022699
0 0.387661 0.239596 0.018467 0.022699
0 0.437931 0.230139 0.014363 0.018916
0 0.663635 0.259142 0.018467 0.016393
0 0.635422 0.258512 0.015389 0.017654
0 0.879080 0.272383 0.026674 0.027743
0 0.041411 0.174023 0.021544 0.022699
0 0.171191 0.695460 0.018467 0.023960
0 0.210176 0.724464 0.022570 0.026482
0 0.372272 0.726356 0.022570 0.022699
0 0.669278 0.761665 0.017441 0.025221
0 0.623624 0.694830 0.020519 0.025221
0 0.907293 0.748424 0.021544 0.018916
0 0.939609 0.707440 0.020519 0.025221