0 0.149402 0.158260 0.017503 0.023960
0 0.306378 0.182850 0.016409 0.027743
0 0.342477 0.167087 0.016409 0.018916
0 0.574933 0.216898 0.015315 0.020177
0 0.822703 0.215637 0.020784 0.022699
0 0.605562 0.193569 0.019690 0.021438
0 0.237462 0.639344 0.020784 0.027743
0 0.073922 0.604666 0.017503 0.023960
0 0.571651 0.655738 0.017503 0.025221
0 0.813405 0.590164 0.017503 0.022699
0 0.849504 0.590164 0.021878 0.022699
0 0.515315 0.650694 0.020784 0.030265
0 0.273014 0.634300 0.017503 0.017654
0 0.106193 0.163934 0.016409 0.022699