0 0.515992 0.217528 0.016508 0.026482
0 0.715637 0.225725 0.017540 0.025221
0 0.770320 0.224464 0.015476 0.025221
0 0.456666 0.218789 0.019603 0.021438
0 0.312736 0.213115 0.018572 0.025221
0 0.267339 0.207440 0.012381 0.021438
0 0.225037 0.721942 0.020635 0.026482
0 0.280236 0.732661 0.015476 0.022699
0 0.438611 0.747793 0.018572 0.022699
0 0.495357 0.759142 0.018572 0.017654
0 0.730597 0.765448 0.024762 0.022699
0 0.814169 0.757251 0.020635 0.026482
0 0.058409 0.720681 0.023730 0.021438
0 0.084203 0.216898 0.015476 0.020177
0 0.069242 0.230769 0.016508 0.017654
0 0.969964 0.211223 0.016508 0.018916