0 0.284764 0.155738 0.017091 0.026482
0 0.251650 0.180958 0.021363 0.029004
0 0.107982 0.161412 0.022432 0.025221
0 0.423092 0.235183 0.024568 0.026482
0 0.650612 0.250315 0.013886 0.023960
0 0.677850 0.241488 0.021363 0.023960
0 0.872791 0.206810 0.024568 0.037831
0 0.581715 0.753468 0.017091 0.021438
0 0.547534 0.728878 0.019227 0.020177
0 0.312002 0.688525 0.018159 0.027743
0 0.284764 0.663304 0.019227 0.025221
0 0.137890 0.658890 0.018159 0.029004
0 0.814576 0.725095 0.017091 0.025221
0 0.843951 0.726986 0.013886 0.029004
0 0.114391 0.631148 0.016023 0.023960