0 0.638706 0.270492 0.022235 0.023960
0 0.810236 0.274275 0.022235 0.023960
0 0.689530 0.300757 0.018000 0.029004
0 0.862648 0.315259 0.023294 0.025221
0 0.421647 0.747793 0.024353 0.027743
0 0.413706 0.291299 0.023294 0.035309
0 0.193469 0.225725 0.023294 0.030265
0 0.193999 0.700504 0.020118 0.031526
0 0.174940 0.653216 0.022235 0.035309
0 0.470353 0.712484 0.022235 0.022699
0 0.717589 0.726356 0.021177 0.027743
0 0.755707 0.699874 0.014824 0.020177
0 0.893884 0.734552 0.013765 0.023960
0 0.938355 0.695460 0.018000 0.026482