0 0.349809 0.237074 0.018774 0.025221
0 0.113160 0.178436 0.017786 0.026482
0 0.832989 0.711854 0.024702 0.034048
0 0.702066 0.692308 0.019762 0.025221
0 0.375500 0.245271 0.020750 0.021438
0 0.804828 0.233291 0.023714 0.022699
0 0.636358 0.252837 0.016798 0.018916
0 0.596340 0.247163 0.019762 0.022699
0 0.149225 0.630517 0.014821 0.017654
0 0.130451 0.622951 0.018774 0.025221
0 0.136874 0.219420 0.017786 0.025221
0 0.962924 0.221942 0.017786 0.020177
0 0.654637 0.694199 0.023714 0.026482
0 0.423422 0.680958 0.027667 0.022699
0 0.380934 0.687894 0.021738 0.021438
0 0.885358 0.705549 0.022726 0.023960