0 0.078607 0.204288 0.019227 0.020177
0 0.260196 0.232661 0.012818 0.018916
0 0.278889 0.238966 0.020295 0.018916
0 0.463148 0.252837 0.017091 0.021438
0 0.484512 0.269861 0.019227 0.025221
0 0.749952 0.231400 0.022432 0.026482
0 0.732861 0.254098 0.020295 0.018916
0 0.881337 0.206179 0.018159 0.021438
0 0.918189 0.233291 0.014954 0.022699
0 0.086084 0.533417 0.014954 0.020177
0 0.293309 0.652585 0.017091 0.034048
0 0.314138 0.656368 0.018159 0.021438
0 0.544863 0.719420 0.020295 0.026482
0 0.592397 0.679697 0.019227 0.020177
0 0.845553 0.697982 0.023500 0.021438